-93
-2
375
673
598
96
-635
-1063
-870
-237
673
1278
1121
636
-137
-518
-297
559
1121
1275
832
195
-409
-639
-64
410
949
943
484
-222
-943
-1124
-67
1120
1900
1661
717
-298
-752
-633
-70
791
1278
596
-314
-636
-483
280
749
911
595
87
-371
-639
-351
332
521
830
713
256
-255
-396
-352
-89
354
432
354
-257
-334
-201
-75
430
318
-40
-180
-519
-1121
-1198
-909
-256
159
-107
-28
-69
137
199
-118
-431
-356
-479
-239
-256
-559
-256
27
120
-484
-983
-870
-752
-257
521
334
-178
255
484
477
-632
-1590
-1354
-479
597
983
204
-912
-1739
-2133
-908
415
1662
1064
199
-754
-1060
-794
-557
218
675
868
2
-1124
-1274
-715
97
519
752
-19
-450
-716
-1118
-524
301
1059
1201
635
-136
-1432
-1276
-144
633
484
409
182
-108
-453
-943
-484
149
1427
989
-638
-1507
-870
790
870
558
0
-277
-354
-375
-556
-483
561
944
599
-138
-431
-354
68
159
637
335
-453
-332
74
795
1119
482
-480
-297
129
430
357
294
336
-217
-562
-233
254
1122
948
517
-56
-870
-451
413
1064
1274
484
-872
-1274
-521
597
1665
1509
220
-637
-985
68
946
1975
1122
-279
-983
-676
-58
752
752
519
30
-676
-597
315
1200
1586
946
-58
-636
-790
-356
353
