199
517
434
411
432
2871
4418
4269
3022
1821
1120
218
-125
-1978
-3331
-3183
-2129
-1198
-1124
-944
-1357
-1118
-562
-1060
-1977
-3025
-3019
-3342
-3793
-4118
-4959
-4968
-4732
-5276
-6208
-7141
-6826
-7141
-11954
-14439
-4964
944
5589
8691
9314
10713
9623
12575
7451
2129
-57
-1511
-2207
-3646
-2207
-2404
-1665
2402
4112
5584
5589
7138
5896
4113
3952
1670
-203
-1894
-2407
-3020
-3803
-2400
-3025
-2868
-295
3022
5276
5588
5585
3801
2285
1745
93
-1894
-3338
-3021
-2402
-1122
160
40
-258
-373
-394
-1353
-2210
-2401
-3180
-3956
-3954
-4112
-4110
-4111
-3957
-5585
-7141
-6829
-9001
-14443
-13814
-1202
3647
8381
9624
11334
11953
11333
13198
7449
1355
-1898
-3646
-2557
-3024
-1509
-2402
-2131
2712
5899
9001
8074
7448
6210
4419
4966
2713
136
-2713
-3956
-3179
-2714
-983
-1027
-1431
-1120
1428
5281
6515
6519
4578
2711
1900
1023
-107
-2402
-3799
-3803
-2399
-243
601
673
-29
-334
-2
-295
-791
-1974
-3026
-3953
-4113
-3332
-3646
-4965
-5276
-5896
-6519
-5897
-6206
-10092
-14439
-7449
1196
5899
8691
7139
9002
9007
10707
10095
5581
1125
-2870
-2286
-712
-1124
-1507
-2870
-946
986
4420
6830
5896
4733
3643
4579
4576
3179
1433
-1201
-2128
-2405
-1274
-949
-1972
-2872
-3021
-638
2133
4265
4578
3488
2713
2404
2555
1667
-146
-1978
-3019
-2409
-1349
-678
-1022
-1898
-2210
-1896
-1357
-1350
-2057
-2709
-3027
-2709
-2561
-2126
-2564
-3951
-4968
-4964
