2868
635
559
-1665
-5589
-8066
-6524
-4571
-301
1513
3331
6211
8380
7142
4963
1433
-1432
-2286
-3954
-5278
-4963
-3336
-1820
79
-755
-1118
-1435
-1818
-3646
-4965
-5896
-4735
-3798
-4423
-5275
-5588
-4965
-5585
-5589
-8066
-9320
-8998
-13820
-18788
-7448
944
6208
11955
10710
15062
20341
16922
5279
2554
-3021
-2559
-3800
-8071
-10712
-2557
3333
6518
10090
8693
11954
13819
11330
3647
1062
-3179
-3645
-5275
-8074
-8690
-3956
-1279
4
4263
6521
11333
12574
9626
5276
3488
-712
-4112
-7138
-9003
-6519
-1974
-181
1278
3954
4422
4732
1977
-2287
-4964
-4968
-6515
-6832
-7136
-6831
-5586
-3798
-4580
-5581
-4582
-4418
-3803
-6828
-17545
-21583
-3334
2286
4965
8382
10090
19409
24070
14438
1063
3801
294
182
-5588
-10712
-8691
3954
6829
5276
8382
10713
15680
14440
7137
-158
2131
-483
-3952
-7454
-8380
-4422
1196
755
-1355
4966
9002
11955
10089
5897
4112
4419
-592
-6212
-7446
-6522
-3021
-1121
-986
1122
5585
4965
2716
-141
-2280
-3186
-5268
-8388
-8688
-6831
-6208
-5586
-6517
-4578
-3644
-3646
-4732
-4264
-4579
-14438
-25311
-7141
1667
-521
6206
7454
18783
22831
17542
317
6519
4963
-826
-6832
-11330
-7762
1121
4733
-1509
6826
11958
15057
11335
6518
2866
4969
2051
-7139
-8070
-6519
-3488
-3180
-3800
-3799
4963
9316
8380
8384
8069
8073
4732
-1433
-6826
-5278
-5585
-6518
-5276
-1898
1741
3492
2049
485
1582
-904
-4425
-6516
-7139
-7141
-7449
-7763
-6826
-5898
-6517
-5588
-5897
-4111
-6206
-14442
-25308
-5277
2558
-4964
3643
8383
20342
19408
14439
-519
10712
7139
-3953
-8697
-8377
-3183
-1352
-161
-4266
9003
12577
10089
6829
8071
8071
4965
239
-6830
-3024
-3022
-5589
-7446
-4425
-1973
2557
4266
4966
10710
10090
8073
4108
1901
-1668
-4263
-7454
-7448
-3800
-2404
-1508
-297
2286
1977
518
-2052
-3336
-3488
-5589
-7137
-7139
-5899
-6825
-6832
-7137
-8382
-4968
-5893
-14443
-22823
-5277
3024
-6828
2711
8696
18783
17551
11947
3963
13192
8695
-5586
-4968
-3486
-1434
-4732
-3332
-1980
8388
8066
4269
8071
11330
9007
3643
2559
479
1278
-3492
-6515
-4425
-3487
-4733
-1975
2404
5273
8695
8070
8382
8073
4730
-7
-1590
-3021
-4735
-4730
-4269
-2206
-910
-868
-1199
-97
-1121
-3024
-3801
-3332
-4113
-4420
-4965
-6519
-5584
-7454
-6825
-8074
-18165
-21583
-988
-4961
-9316
3646
11954
16302
13819
13197
11332
17547
4110
-1120
1665
985
-6209
-7138
-2559
-1741
1898
-676
4267
9002
8694
5275
7450
9003
4422
2210
-182
221
-2871
-6826
-6519
-1587
-1509
-558
4112
7138
7451
5895
5279
4727
2874
-836
-1427
-717
-2128
-3647
-2865
-2213
-3485
-4115
-4574
-4733
-3956
-3022
-3180
-4110
-3492
-3643
-4966
-4110
-7142
-18784
-16308
132
-11339
-10087
1818
8074
8381
8694
12572
14444
15677
3960
8378
8073
2559
-4269
-370
-484
-4264
-3646
-3179
1666
597
751
3180
7759
5277
3954
6521
5893
3183
-221
-393
-352
