-9314
-20340
-21585
-11332
2713
20340
25313
24066
14440
-19
-9003
-11954
-7759
-4424
1357
2206
870
2132
4963
11958
13814
12577
7450
-1354
-8070
-10713
-7139
-1975
2714
5275
4732
3491
1507
1125
2127
3647
3954
3024
1276
-869
-1898
-2052
-1978
-1353
-1024
116
1511
2284
2716
1818
70
-1666
-2870
-3331
-3183
-3022
-3022
-3493
-4106
-4425
-3953
-2870
-2404
-1895
-2405
-4419
-10093
-18165
-20340
-12578
118
16303
25310
24071
16300
2287
-7761
-12577
-9311
-4736
872
3798
2559
3179
5585
10093
12572
11338
6824
-1349
-7766
-10087
-6830
-1666
3337
6205
5588
3645
1741
1122
-19
479
1899
2401
2868
1590
1020
-593
-2057
-2711
-2404
-1023
712
2714
3022
2054
178
-1664
-2714
-3332
-2872
-2864
-2874
-3328
-3650
-3797
-4112
-2713
-2286
-3180
-3333
-4423
-4728
-9629
-19405
-20345
-10088
2210
20337
25316
24062
12581
-1903
-10708
-13820
-8380
-2872
4969
5272
3960
4261
5902
9308
10719
9617
3496
-4270
-8690
-8694
-4422
1062
6519
6830
4961
2213
426
-271
-1359
416
1894
2871
3490
2557
1357
-950
-2400
-3025
-2712
-1025
1511
3488
3490
2287
-239
-2557
-3956
-3647
-2711
-2404
-2207
-2404
-2867
-3337
-4107
-3804
-3487
-3334
-2716
-2865
-3183
-6205
-15682
-22827
-14439
-3799
13195
24070
24067
16924
1899
-7450
-12577
-8690
-3649
3183
5584
3491
4111
4965
8382
10090
9314
4732
-2868
-7450
-8070
-4113
677
5585
6208
4112
2129
334
397
-757
15
1428
2287
3957
3487
2716
158
-2207
-3333
-3337
-1429
