-1
806
1613
2419
3223
4026
4826
5623
6416
7206
7992
8772
9547
10317
11080
11836
12585
13327
14060
14785
15501
16208
16905
17591
18267
18931
19585
20226
20855
21471
22075
22665
23241
23803
24350
24883
25401
25903
26390
26860
27314
27752
28173
28577
28963
29332
29683
30016
30330
30627
30904
31163
31403
31624
31826
32008
32171
32315
32439
32543
32627
32692
32737
32761
32766
32751
32717
32662
32587
32493
32379
32246
32092
31920
31727
31516
31286
31036
30768
30481
30175
29851
29509
29150
28772
28377
27965
27535
27089
26627
26148
25654
25144
24619
24078
23524
22954
22371
21775
21165
20542
19907
19260
18601
17930
17249
16557
15856
15144
14424
13695
12957
12212
11459
10699
9933
9160
8382
7599
6812
6020
5225
4426
3625
2821
2016
1210
403
-405
-1212
-2018
-2823
-3627
-4428
-5227
-6022
-6814
-7601
-8384
-9162
-9935
-10701
-11461
-12214
-12959
-13697
-14426
-15146
-15858
-16559
-17251
-17932
-18603
-19262
-19909
-20544
-21167
-21777
-22373
-22956
-23526
-24080
-24621
-25146
-25656
-26150
-26629
-27091
-27537
-27967
-28379
-28774
-29152
-29511
-29853
-30177
-30483
-30770
-31038
-31288
-31518
-31729
-31922
-32094
-32248
-32381
-32495
-32589
-32664
-32719
-32753
-32768
-32763
-32739
-32694
-32629
-32545
-32441
-32317
-32173
-32010
-31828
-31626
-31405
-31165
-30906
-30629
-30332
-30018
-29685
-29334
-28965
-28579
-28175
-27754
-27316
-26862
-26392
-25905
-25403
-24885
-24352
-23805
-23243
-22667
-22077
-21473
-20857
-20228
-19587
-18933
-18269
-17593
-16907
-16210
-15503
-14787
-14062
-13329
-12587
-11838
-11082
-10319
-9549
-8774
-7994
-7208
-6418
-5625
-4828
-4028
-3225
-2421
-1615
-808
-1
