1977
518
-2052
-3336
-3488
-5589
-7137
-7139
-5899
-6825
-6832
-7137
-8382
-4968
-5893
-14443
-22823
-5277
3024
-6828
2711
8696
18783
17551
11947
3963
13192
8695
-5586
-4968
-3486
-1434
-4732
-3332
-1980
8388
8066
4269
8071
11330
9007
3643
2559
479
1278
-3492
-6515
-4425
-3487
-4733
-1975
2404
5273
8695
8070
8382
8073
4730
-7
-1590
-3021
-4735
-4730
-4269
-2206
-910
-868
-1199
-97
-1121
-3024
-3801
-3332
-4113
-4420
-4965
-6519
-5584
-7454
-6825
-8074
-18165
-21583
-988
-4961
-9316
3646
11954
16302
13819
13197
11332
17547
4110
-1120
1665
985
-6209
-7138
-2559
-1741
1898
-676
4267
9002
8694
5275
7450
9003
4422
2210
-182
221
-2871
-6826
-6519
-1587
-1509
-558
4112
7138
7451
5895
5279
4727
2874
-836
-1427
-717
-2128
-3647
-2865
-2213
-3485
-4115
-4574
-4733
-3956
-3022
-3180
-4110
-3492
-3643
-4966
-4110
-7142
-18784
-16308
132
-11339
-10087
1818
8074
8381
8694
12572
14444
15677
3960
8378
8073
2559
-4269
-370
-484
-4264
-3646
-3179
1666
597
751
3180
7759
5277
3954
6521
5893
3183
-221
-393
-352
-1513
-3485
-359
1357
89
747
2565
2550
1359
1741
2052
2404
1063
518
988
-70
-2557
-3334
-3801
-6205
-7142
-6205
-5278
-6517
-5588
-4730
-4968
-4576
-7451
-16302
-8073
-828
-12579
-4418
3175
4735
2402
9002
9315
10712
9001
5901
10088
6518
2716
1583
5279
-794
-1662
-601
-370
-1512
-2207
50
787
1824
410
3801
4111
3022
1822
2711
3491
1586
1666
2868
2401
483
1020
717
-717
-1428
-832
-353
-558
-200
482
1120
61
-434
-828
-2211
-3956
-4730
-4113
-4420
-7139
-6209
-4731
-7139
-7141
-10089
-15062
-4420
-7141
-11332
-1122
2054
1062
3180
10089
7451
10089
8073
10089
9006
6203
4429
5578
3498
-1070
1127
-341
-2047
-3339
-1196
-1820
-1512
-789
451
1818
872
1350
2871
4420
2558
4733
4730
3649
2554
2405
906
-791
-1198
-1899
-1275
-2210
-1354
-945
-561
-1352
-792
-1353
-2559
-2713
-2870
-2555
-3647
-4728
-3804
-4731
-6828
-7454
-12570
-9628
-4963
-12577
-6518
-1741
-1122
-1353
5896
5897
6831
8378
9007
10088
8071
7762
6828
7139
2404
3178
1820
-256
-2559
-1666
-2203
-3496
-2398
-2133
-946
-1896
-257
1585
3027
2555
4966
5276
4731
4267
3799
2560
789
2
-716
-1062
-2131
-1820
-1742
-1975
-2559
-2128
-2560
-3021
-3026
-2557
-2210
-3177
-3026
-2711
-3492
-5275
-6829
-10092
-5273
-7143
-10086
-4117
-2396
-3029
-1196
4965
2400
5591
6203
8696
7758
8073
7761
8382
6828
4269
5273
2870
984
-751
217
-2557
-2404
-2714
-2049
-2872
-2400
-948
597
1200
2285
4266
4111
4423
4110
4112
2400
1822
1022
599
-791
-988
-1352
-1821
-2713
-3021
-3338
-3798
-3801
-3490
-3178
-3646
-2557
-3026
-2865
-2873
-5270
-8076
-3022
-4110
-9004
-3178
-1025
-2713
-2402
3646
1664
3180
4108
6521
5896
6830
6206
7141
7138
4577
4732
4578
2712
181
1353
-147
-1583
-2058
-1194
-2406
-2128
-910
-195
670
1283
2125
2873
3332
2287
2712
2560
1506
359
516
-256
-1433
-1818
